{ "K": [ [ 483.88531161999998, 0, 285.0078125 ], [ 0, 483.41334710000001, 190.57286071799999 ], [ 0, 0, 1 ] ], "dist": [ [ 0, 0, -0.0023248530924320221, 0.0012920809676900001, -0.107327640057 ] ], "glprojection": [ 1.512141609191894, 0, 0, 0, 0, -2.0142223358154299, 0, 0, 0.10935058593749999, -0.20594641367594399, -1.002002002002002, -1, 0, 0, -0.20020020020020021, 0 ], "imagesize": [ 640, 480 ], "markers": [ { "areapx": 1304.67333984375, "areau": 0.004246983677148819, "center": [ 196.11930847167969, 215.80029296875 ], "error": 0.072300551325552853, "glmodelview": [ -0.89118343591690063, -0.35403132438659668, -0.28364405035972601, 0, -0.42827165126800543, 0.45042487978935242, 0.7833905816078186, 0, 0.14958447217941279, -0.81962144374847412, 0.55303275585174561, 0, -0.17440372705459589, 0.048705141991376877, -0.95084923505783081, 1 ], "id": 26, "points": [ [ 227.89674377441409, 212.56709289550781 ], [ 202.765625, 235.96482849121091 ], [ 163.34587097167969, 218.07774353027341 ], [ 190.468994140625, 196.59147644042969 ], [ 196.11930847167969, 215.80029296875 ] ], "pose": [ [ -0.89118343591690063, -0.42827165126800543, 0.14958447217941279, -0.17440372705459589 ], [ -0.35403132438659668, 0.45042487978935242, -0.81962144374847412, 0.048705145716667182 ], [ 0.28364405035972601, -0.7833905816078186, -0.55303275585174561, 0.95084923505783081 ], [ 0, 0, 0, 1 ] ] } ], "markersize": 0.090000003576278687, "yaxisup": false, "object": [ [ -0.42947076974571052, 0.4696820553377134, -0.77133237887375405, 0 ], [ 0.89146826266168511, 0.35702118145311551, -0.27896287406641601, 0 ], [ 0.14435813681268292, -0.80742476383485817, -0.57203676561491024, 0 ], [ -0.034881556632948729, 0.10854756765685758, 0.88382077566791795, 1 ] ] }